   1.82837233214491      -0.402979399921446      -6.123183742885634E-004
 -1.286929814903082E-003  7.430092848966369E-004  5.063535181767528E-004
  1.201546922072541E-003 -6.937134461698358E-004  2.609406440072600E-002
  1.161783813015243E-004  1.994446558251673E-004 -1.151494257524077E-004
 -9.614548708802877E-005 -1.710198833523447E-004  9.873837553406577E-005
   3.45288992146438      -5.075171346838567E-005  2.930310986827126E-005
  -4.16554065171427       1.688729651672831E-004 -9.750003448257548E-005
   7.78237306441800       3.397942442783214E-003 -4.583507633496652E-005
  -11.7788373571646      -3.088382301337844E-003   7.78433487424367     
  2.646171115462733E-005 -3.088382301299583E-003  -11.7824035244121     
   1.30343851083114      -4.755923588704409E-005  2.745923538779609E-005
   4.56095526932559       2.656697302475808E-003   4.56248911838002     
   1.82858449921406      -0.402719982490445      -3.243300049146779E-004
  1.363487343654820E-003 -7.872097947365791E-004  1.551596108398979E-004
 -1.213789324741556E-003  7.007816006389805E-004  2.606332528841468E-002
  3.170354268370508E-005 -2.029148931405201E-004  1.171529681995846E-004
 -2.857014375147330E-005  1.753772186306039E-004 -1.012540842297037E-004
   3.45286568676293      -1.404532901513573E-004  8.109233872296752E-005
  -4.16168162056103       1.968943811275765E-004 -1.136782057790408E-004
   7.77914677262527       3.549760518956835E-003  1.254722960163907E-004
  -11.7714760236209      -3.037280232349004E-003   7.78119623465545     
 -7.244264566782848E-005 -3.037280232283904E-003  -11.7749831832758     
   1.30135487261180      -1.560099563772152E-004  9.007328730645849E-005
   4.55726185640506       2.547178670649353E-003   4.55873247484478     
