   1.82842034328139      -0.402953542845956       1.934641923077351E-004
 -1.169042488286084E-003  6.749470051084089E-004 -2.916513302948587E-004
  1.022608340204048E-003 -5.904032077115456E-004  2.609166276172696E-002
 -2.011334951357843E-005  2.182619884598571E-004 -1.260136178217270E-004
  2.795241614992761E-005 -1.838531255347888E-004  1.061476513669941E-004
   3.45288793294405       8.382665029014006E-005 -4.839574481496280E-005
  -4.16497303255170       1.178982755969066E-005 -6.808042493225055E-006
   7.78164587096436       3.468150633656381E-003 -2.049229973583675E-004
  -11.7771812955317      -3.075174678327408E-003   7.78364821550725     
  1.183111653548461E-004 -3.075174678394438E-003  -11.7807322119284     
   1.30313731239210       9.142877240171307E-005 -5.278552880269405E-005
   4.56010754113524       2.648479997135356E-003   4.56163664592541     
   1.82854572397641      -0.402745051769156       2.081947899184069E-004
  1.110619757716327E-003 -6.412166258517316E-004 -2.945332025322134E-004
 -9.336839501627673E-004  5.390626871419960E-004  2.606735547705316E-002
 -1.174371654662522E-004 -1.870180175418134E-004  1.079749027909178E-004
  9.249417224918647E-005  1.532818933507615E-004 -8.849734222647144E-005
   3.45298398126448       1.442452711081905E-004 -8.327845223968763E-005
  -4.16246666764425      -2.103920986888895E-004  1.214687529875999E-004
   7.77991091889606       3.347871310606682E-003 -6.457905583180202E-005
  -11.7732448770105      -2.855803280554403E-003   7.78184382013801     
  3.728355336147870E-005 -2.855803280633035E-003  -11.7765424851328     
   1.30174667227285       1.234087571653193E-004 -7.124918210165074E-005
   4.55815271632730       2.375150986603680E-003   4.55952401453800     
