   1.82819928828564      -0.402661249552739       1.827577522502962E-004
 -1.179565768571693E-003  6.810226137217990E-004 -2.869601700315366E-004
  1.028221123514254E-003 -5.936437422322839E-004  2.606526498150094E-002
 -4.498473865389407E-005  1.924570264502914E-004 -1.111151160256343E-004
  4.500745484007645E-005 -1.643884457383428E-004  9.490971340119306E-005
   3.47757960778567      -2.254209262991126E-005  1.301463858346121E-005
  -4.20201907750824       1.602268025091990E-005 -9.250665629106065E-006
   7.78403751424547       3.275409053230760E-003  6.650732005998958E-005
  -11.7819197826183      -2.828261850378377E-003   7.78592857235252     
 -3.839798601167782E-005 -2.828261850377781E-003  -11.7851855778045     
   1.31117979878034      -4.689709347626050E-005  2.707602439307253E-005
   4.56225376627133       2.371977497647837E-003   4.56362322800187     
   1.82817441164093      -0.402577844525944       2.497794441979677E-004
  1.182897280426951E-003 -6.829460629882086E-004 -3.583098020290889E-004
 -1.030093714676642E-003  5.947248832439862E-004  2.605669028398204E-002
 -9.587359154437160E-005 -1.937370769059710E-004  1.118541535007728E-004
  7.788746108365102E-005  1.650310387707468E-004 -9.528071466142064E-005
   3.47715673672539      -3.153313521272839E-005  1.820561943969361E-005
  -4.20178775197718       4.343029475019288E-005 -2.507445923917556E-005
   7.78388300160558       3.264828259704727E-003  5.503306486985344E-005
  -11.7813725915585      -2.821980052975570E-003   7.78576795088864     
 -3.177332169076922E-005 -2.821980052975306E-003  -11.7846311331498     
   1.31110799630732      -4.646288480908242E-005  2.682533390407065E-005
   4.56194141203126       2.362579217982108E-003   4.56330544766252     
