#K-Path      Energy-Level
# NKPTS & NBANDS:  80  28
# Band-Index    1
   0.00000    -12.921645
   0.02431    -13.054422
   0.04862    -13.185086
   0.07293    -13.313452
   0.09724    -13.439373
   0.12155    -13.562712
   0.14586    -13.683340
   0.17017    -13.801148
   0.19448    -13.916043
   0.21879    -14.027922
   0.24310    -14.136701
   0.26741    -14.242303
   0.29172    -14.344658
   0.31603    -14.443702
   0.34034    -14.539376
   0.36465    -14.631633
   0.38896    -14.720423
   0.41327    -14.805702
   0.43758    -14.887430
   0.46189    -14.965561
   0.48620    -15.040064
   0.51051    -15.110907
   0.53482    -15.178065
   0.55913    -15.241510
   0.58344    -15.301222
   0.60775    -15.357171
   0.63206    -15.409347
   0.65637    -15.457726
   0.68068    -15.502288
   0.70499    -15.543021
   0.72930    -15.579912
   0.75361    -15.612949
   0.77792    -15.642126
   0.80223    -15.667430
   0.82654    -15.688852
   0.85085    -15.706386
   0.87516    -15.720032
   0.89947    -15.729778
   0.92378    -15.735628
   0.94809    -15.737576
   0.94809    -15.737576
   0.96597    -15.736711
   0.98385    -15.734118
   1.00173    -15.729798
   1.01961    -15.723752
   1.03748    -15.715984
   1.05536    -15.706498
   1.07324    -15.695301
   1.09112    -15.682392
   1.10899    -15.667790
   1.12687    -15.651496
   1.14475    -15.633522
   1.16263    -15.613880
   1.18051    -15.592581
   1.19838    -15.569637
   1.21626    -15.545061
   1.23414    -15.518871
   1.25202    -15.491083
   1.26989    -15.461713
   1.28777    -15.430787
   1.30565    -15.398326
   1.32353    -15.364352
   1.34141    -15.328890
   1.35928    -15.291968
   1.37716    -15.253612
   1.39504    -15.213853
   1.41292    -15.172724
   1.43079    -15.130264
   1.44867    -15.086508
   1.46655    -15.041495
   1.48443    -14.995271
   1.50231    -14.947881
   1.52018    -14.899378
   1.53806    -14.849810
   1.55594    -14.799241
   1.57382    -14.747734
   1.59169    -14.695357
   1.60957    -14.642197
   1.62745    -14.588406
   1.64533    -14.534845
 
 
# Band-Index    2
   1.64533    -14.534578
   1.62745    -14.529357
   1.60957    -14.577851
   1.59169    -14.626782
   1.57382    -14.675281
   1.55594    -14.723178
   1.53806    -14.770376
   1.52018    -14.816790
   1.50231    -14.862347
   1.48443    -14.906980
   1.46655    -14.950630
   1.44867    -14.993238
   1.43079    -15.034748
   1.41292    -15.075109
   1.39504    -15.114278
   1.37716    -15.152211
   1.35928    -15.188864
   1.34141    -15.224201
   1.32353    -15.258183
   1.30565    -15.290782
   1.28777    -15.321963
   1.26989    -15.351701
   1.25202    -15.379971
   1.23414    -15.406742
   1.21626    -15.431996
   1.19838    -15.455711
   1.18051    -15.477868
   1.16263    -15.498448
   1.14475    -15.517440
   1.12687    -15.534826
   1.10899    -15.550595
   1.09112    -15.564733
   1.07324    -15.577233
   1.05536    -15.588083
   1.03748    -15.597278
   1.01961    -15.604811
   1.00173    -15.610677
   0.98385    -15.614868
   0.96597    -15.617385
   0.94809    -15.618225
   0.94809    -15.618225
   0.92378    -15.616283
   0.89947    -15.610460
   0.87516    -15.600758
   0.85085    -15.587180
   0.82654    -15.569735
   0.80223    -15.548420
   0.77792    -15.523249
   0.75361    -15.494225
   0.72930    -15.461359
   0.70499    -15.424662
   0.68068    -15.384147
   0.65637    -15.339828
   0.63206    -15.291716
   0.60775    -15.239834
   0.58344    -15.184198
   0.55913    -15.124831
   0.53482    -15.061753
   0.51051    -14.994990
   0.48620    -14.924572
   0.46189    -14.850534
   0.43758    -14.772900
   0.41327    -14.691711
   0.38896    -14.607011
   0.36465    -14.518837
   0.34034    -14.427233
   0.31603    -14.332259
   0.29172    -14.233965
   0.26741    -14.132413
   0.24310    -14.027675
   0.21879    -13.919825
   0.19448    -13.808941
   0.17017    -13.695114
   0.14586    -13.578444
   0.12155    -13.459046
   0.09724    -13.337032
   0.07293    -13.212537
   0.04862    -13.085709
   0.02431    -12.956710
   0.00000    -12.921638
 
 
# Band-Index    3
   0.00000    -12.825736
   0.02431    -12.786925
   0.04862    -12.650493
   0.07293    -12.512574
   0.09724    -12.373418
   0.12155    -12.233321
   0.14586    -12.092600
   0.17017    -11.951611
   0.19448    -11.810748
   0.21879    -11.670446
   0.24310    -11.591757
   0.26741    -11.705015
   0.29172    -11.814487
   0.31603    -11.920150
   0.34034    -12.021981
   0.36465    -12.119962
   0.38896    -12.214071
   0.41327    -12.304288
   0.43758    -12.390603
   0.46189    -12.472996
   0.48620    -12.551451
   0.51051    -12.625957
   0.53482    -12.696499
   0.55913    -12.763069
   0.58344    -12.825652
   0.60775    -12.884243
   0.63206    -12.938828
   0.65637    -12.989403
   0.68068    -13.035959
   0.70499    -13.078488
   0.72930    -13.116985
   0.75361    -13.151444
   0.77792    -13.181859
   0.80223    -13.208228
   0.82654    -13.230549
   0.85085    -13.248815
   0.87516    -13.263028
   0.89947    -13.273180
   0.92378    -13.279270
   0.94809    -13.281301
   0.94809    -13.281301
   0.96597    -13.282013
   0.98385    -13.284159
   1.00173    -13.287749
   1.01961    -13.292805
   1.03748    -13.299359
   1.05536    -13.307446
   1.07324    -13.317106
   1.09112    -13.328388
   1.10899    -13.341343
   1.12687    -13.356016
   1.14475    -13.372460
   1.16263    -13.390721
   1.18051    -13.410842
   1.19838    -13.432860
   1.21626    -13.456800
   1.23414    -13.482683
   1.25202    -13.510512
   1.26989    -13.540277
   1.28777    -13.571961
   1.30565    -13.605527
   1.32353    -13.640926
   1.34141    -13.678092
   1.35928    -13.716949
   1.37716    -13.757413
   1.39504    -13.799381
   1.41292    -13.842746
   1.43079    -13.887394
   1.44867    -13.933204
   1.46655    -13.980049
   1.48443    -14.027800
   1.50231    -14.081857
   1.52018    -14.138653
   1.53806    -14.195540
   1.55594    -14.252400
   1.57382    -14.309116
   1.59169    -14.365563
   1.60957    -14.421552
   1.62745    -14.476208
   1.64533    -14.476208
 
 
# Band-Index    4
   1.64533    -14.476027
   1.62745    -14.426808
   1.60957    -14.376539
   1.59169    -14.326074
   1.57382    -14.275602
   1.55594    -14.225262
   1.53806    -14.175186
   1.52018    -14.125499
   1.50231    -14.076326
   1.48443    -14.025271
   1.46655    -13.969026
   1.44867    -13.913243
   1.43079    -13.858059
   1.41292    -13.803609
   1.39504    -13.750028
   1.37716    -13.697455
   1.35928    -13.646031
   1.34141    -13.595895
   1.32353    -13.547181
   1.30565    -13.500021
   1.28777    -13.454541
   1.26989    -13.410862
   1.25202    -13.369102
   1.23414    -13.329360
   1.21626    -13.291736
   1.19838    -13.256313
   1.18051    -13.223160
   1.16263    -13.192345
   1.14475    -13.163916
   1.12687    -13.137909
   1.10899    -13.114356
   1.09112    -13.093271
   1.07324    -13.074674
   1.05536    -13.058563
   1.03748    -13.044940
   1.01961    -13.033804
   1.00173    -13.025148
   0.98385    -13.018970
   0.96597    -13.015262
   0.94809    -13.014028
   0.94809    -13.014028
   0.92378    -13.012007
   0.89947    -13.005943
   0.87516    -12.995838
   0.85085    -12.981691
   0.82654    -12.963508
   0.80223    -12.941290
   0.77792    -12.915040
   0.75361    -12.884761
   0.72930    -12.850461
   0.70499    -12.812144
   0.68068    -12.769816
   0.65637    -12.723483
   0.63206    -12.673149
   0.60775    -12.618829
   0.58344    -12.560529
   0.55913    -12.498259
   0.53482    -12.432028
   0.51051    -12.361849
   0.48620    -12.287733
   0.46189    -12.209696
   0.43758    -12.127750
   0.41327    -12.041910
   0.38896    -11.952199
   0.36465    -11.858629
   0.34034    -11.761224
   0.31603    -11.660006
   0.29172    -11.554995
   0.26741    -11.446219
   0.24310    -11.531182
   0.21879    -11.599549
   0.19448    -11.736034
   0.17017    -11.873395
   0.14586    -12.011173
   0.12155    -12.148949
   0.09724    -12.286339
   0.07293    -12.423007
   0.04862    -12.558642
   0.02431    -12.692967
   0.00000    -12.825728
 
 
# Band-Index    5
   0.00000    -10.258059
   0.02431    -10.407276
   0.04862    -10.553107
   0.07293    -10.695489
   0.09724    -10.834368
   0.12155    -10.969699
   0.14586    -11.101437
   0.17017    -11.229553
   0.19448    -11.353998
   0.21879    -11.474743
   0.24310    -11.464437
   0.26741    -11.393481
   0.29172    -11.257897
   0.31603    -11.125026
   0.34034    -10.995498
   0.36465    -10.869965
   0.38896    -10.749086
   0.41327    -10.633506
   0.43758    -10.523840
   0.46189    -10.420635
   0.48620    -10.324356
   0.51051    -10.237516
   0.53482    -10.163418
   0.55913    -10.096742
   0.58344    -10.037321
   0.60775     -9.984877
   0.63206     -9.939024
   0.65637     -9.899309
   0.68068     -9.865227
   0.70499     -9.836244
   0.72930     -9.811832
   0.75361     -9.791477
   0.77792     -9.774702
   0.80223     -9.761071
   0.82654     -9.750196
   0.85085     -9.741751
   0.87516     -9.735463
   0.89947     -9.731122
   0.92378     -9.728578
   0.94809     -9.727737
   0.94809     -9.727737
   0.96597     -9.728267
   0.98385     -9.729832
   1.00173     -9.732352
   1.01961     -9.735708
   1.03748     -9.739728
   1.05536     -9.744216
   1.07324     -9.748940
   1.09112     -9.753645
   1.10899     -9.758096
   1.12687     -9.776613
   1.14475     -9.795694
   1.16263     -9.814366
   1.18051     -9.832225
   1.19838     -9.848885
   1.21626     -9.863984
   1.23414     -9.877196
   1.25202     -9.888226
   1.26989     -9.896805
   1.28777     -9.902712
   1.30565     -9.905748
   1.32353     -9.905753
   1.34141     -9.902594
   1.35928     -9.896170
   1.37716     -9.886409
   1.39504     -9.873260
   1.41292     -9.856698
   1.43079     -9.836717
   1.44867     -9.813326
   1.46655     -9.786552
   1.48443     -9.756432
   1.50231     -9.723019
   1.52018     -9.686371
   1.53806     -9.646548
   1.55594     -9.603633
   1.57382     -9.557707
   1.59169     -9.508860
   1.60957     -9.457201
   1.62745     -9.402877
   1.64533     -9.346154
 
 
# Band-Index    6
   1.64533     -9.346067
   1.62745     -9.287384
   1.60957     -9.228335
   1.59169     -9.180816
   1.57382     -9.196874
   1.55594     -9.243756
   1.53806     -9.292643
   1.52018     -9.340210
   1.50231     -9.385733
   1.48443     -9.428941
   1.46655     -9.469697
   1.44867     -9.507904
   1.43079     -9.543500
   1.41292     -9.576438
   1.39504     -9.606687
   1.37716     -9.634220
   1.35928     -9.659032
   1.34141     -9.681127
   1.32353     -9.700530
   1.30565     -9.717277
   1.28777     -9.731422
   1.26989     -9.743044
   1.25202     -9.752242
   1.23414     -9.759135
   1.21626     -9.763872
   1.19838     -9.766624
   1.18051     -9.767578
   1.16263     -9.766957
   1.14475     -9.764996
   1.12687     -9.761945
   1.10899     -9.757530
   1.09112     -9.738945
   1.07324     -9.721235
   1.05536     -9.704841
   1.03748     -9.690169
   1.01961     -9.677596
   1.00173     -9.667449
   0.98385     -9.659999
   0.96597     -9.655444
   0.94809     -9.653914
   0.94809     -9.653914
   0.92378     -9.654950
   0.89947     -9.658089
   0.87516     -9.663426
   0.85085     -9.671125
   0.82654     -9.681410
   0.80223     -9.694571
   0.77792     -9.710954
   0.75361     -9.730962
   0.72930     -9.755046
   0.70499     -9.783700
   0.68068     -9.817442
   0.65637     -9.856800
   0.63206     -9.902287
   0.60775     -9.954378
   0.58344    -10.013474
   0.55913    -10.079894
   0.53482    -10.153831
   0.51051    -10.235336
   0.48620    -10.319035
   0.46189    -10.407884
   0.43758    -10.503791
   0.41327    -10.606382
   0.38896    -10.715173
   0.36465    -10.829614
   0.34034    -10.949078
   0.31603    -11.072933
   0.29172    -11.200533
   0.26741    -11.331239
   0.24310    -11.333707
   0.21879    -11.217488
   0.19448    -11.097595
   0.17017    -10.974065
   0.14586    -10.846935
   0.12155    -10.716246
   0.09724    -10.582043
   0.07293    -10.444375
   0.04862    -10.303305
   0.02431    -10.158888
   0.00000    -10.258058
 
 
# Band-Index    7
   0.00000    -10.011202
   0.02431    -10.105509
   0.04862     -9.949697
   0.07293     -9.790706
   0.09724     -9.628618
   0.12155     -9.463529
   0.14586     -9.295553
   0.17017     -9.124807
   0.19448     -8.951430
   0.21879     -8.775594
   0.24310     -8.597473
   0.26741     -8.417276
   0.29172     -8.235255
   0.31603     -8.051695
   0.34034     -7.866931
   0.36465     -7.681357
   0.38896     -7.495433
   0.41327     -7.309728
   0.43758     -7.124894
   0.46189     -6.941715
   0.48620     -6.761096
   0.51051     -6.584092
   0.53482     -6.411916
   0.55913     -6.294869
   0.58344     -6.341036
   0.60775     -6.384801
   0.63206     -6.426027
   0.65637     -6.464590
   0.68068     -6.500387
   0.70499     -6.533327
   0.72930     -6.563333
   0.75361     -6.590343
   0.77792     -6.614296
   0.80223     -6.635143
   0.82654     -6.652848
   0.85085     -6.667375
   0.87516     -6.678702
   0.89947     -6.686806
   0.92378     -6.691674
   0.94809     -6.693298
   0.94809     -6.693298
   0.96597     -6.694518
   0.98385     -6.698269
   1.00173     -6.704799
   1.01961     -6.714502
   1.03748     -6.727872
   1.05536     -6.745448
   1.07324     -6.767766
   1.09112     -6.795281
   1.10899     -6.828336
   1.12687     -6.867104
   1.14475     -6.956357
   1.16263     -7.053030
   1.18051     -7.150433
   1.19838     -7.248238
   1.21626     -7.346164
   1.23414     -7.443971
   1.25202     -7.541447
   1.26989     -7.638401
   1.28777     -7.734667
   1.30565     -7.830095
   1.32353     -7.924544
   1.34141     -8.017881
   1.35928     -8.109987
   1.37716     -8.200753
   1.39504     -8.290067
   1.41292     -8.377829
   1.43079     -8.463940
   1.44867     -8.548301
   1.46655     -8.630809
   1.48443     -8.711357
   1.50231     -8.789815
   1.52018     -8.866015
   1.53806     -8.939655
   1.55594     -9.009995
   1.57382     -9.073696
   1.59169     -9.101921
   1.60957     -9.061905
   1.62745     -9.005688
   1.64533     -8.945167
 
 
# Band-Index    8
   1.64533     -8.945059
   1.62745     -8.881822
   1.60957     -8.816292
   1.59169     -8.748752
   1.57382     -8.679361
   1.55594     -8.608239
   1.53806     -8.535508
   1.52018     -8.461280
   1.50231     -8.385675
   1.48443     -8.308818
   1.46655     -8.230846
   1.44867     -8.151901
   1.43079     -8.072146
   1.41292     -7.991757
   1.39504     -7.910929
   1.37716     -7.829877
   1.35928     -7.748844
   1.34141     -7.668100
   1.32353     -7.587950
   1.30565     -7.508732
   1.28777     -7.430818
   1.26989     -7.354636
   1.25202     -7.280644
   1.23414     -7.209337
   1.21626     -7.141243
   1.19838     -7.076904
   1.18051     -7.016860
   1.16263     -6.961611
   1.14475     -6.911585
   1.12687     -6.860805
   1.10899     -6.766858
   1.09112     -6.675116
   1.07324     -6.586350
   1.05536     -6.501584
   1.03748     -6.422185
   1.01961     -6.350039
   1.00173     -6.287742
   0.98385     -6.238690
   0.96597     -6.206853
   0.94809     -6.195756
   0.94809     -6.195756
   0.92378     -6.194261
   0.89947     -6.189786
   0.87516     -6.182337
   0.85085     -6.171934
   0.82654     -6.158605
   0.80223     -6.142383
   0.77792     -6.123316
   0.75361     -6.101456
   0.72930     -6.076866
   0.70499     -6.049626
   0.68068     -6.019823
   0.65637     -5.987562
   0.63206     -5.952966
   0.60775     -5.981313
   0.58344     -6.091957
   0.55913     -6.245861
   0.53482     -6.349633
   0.51051     -6.494332
   0.48620     -6.647731
   0.46189     -6.808303
   0.43758     -6.974557
   0.41327     -7.145120
   0.38896     -7.318783
   0.36465     -7.494504
   0.34034     -7.671401
   0.31603     -7.848729
   0.29172     -8.025885
   0.26741     -8.202355
   0.24310     -8.377706
   0.21879     -8.551574
   0.19448     -8.723654
   0.17017     -8.893689
   0.14586     -9.061449
   0.12155     -9.226746
   0.09724     -9.389427
   0.07293     -9.549327
   0.04862     -9.706327
   0.02431     -9.860317
   0.00000    -10.011201
 
 
# Band-Index    9
   0.00000     -5.524498
   0.02431     -5.558831
   0.04862     -5.597972
   0.07293     -5.640634
   0.09724     -5.685552
   0.12155     -5.731511
   0.14586     -5.777355
   0.17017     -5.821999
   0.19448     -5.864411
   0.21879     -5.903944
   0.24310     -5.940634
   0.26741     -5.971370
   0.29172     -5.995328
   0.31603     -6.011715
   0.34034     -6.020434
   0.36465     -6.022082
   0.38896     -6.014690
   0.41327     -5.997569
   0.43758     -6.034727
   0.46189     -6.089862
   0.48620     -6.143720
   0.51051     -6.196006
   0.53482     -6.246464
   0.55913     -6.215081
   0.58344     -6.087263
   0.60775     -5.937432
   0.63206     -5.883935
   0.65637     -5.800225
   0.68068     -5.730040
   0.70499     -5.672641
   0.72930     -5.626753
   0.75361     -5.590797
   0.77792     -5.563126
   0.80223     -5.542187
   0.82654     -5.526627
   0.85085     -5.515324
   0.87516     -5.507397
   0.89947     -5.502187
   0.92378     -5.499238
   0.94809     -5.498284
   0.94809     -5.498284
   0.96597     -5.490879
   0.98385     -5.469936
   1.00173     -5.438407
   1.01961     -5.399377
   1.03748     -5.368093
   1.05536     -5.368961
   1.07324     -5.371516
   1.09112     -5.375043
   1.10899     -5.378490
   1.12687     -5.380746
   1.14475     -5.380869
   1.16263     -5.378160
   1.18051     -5.372172
   1.19838     -5.362666
   1.21626     -5.349562
   1.23414     -5.332892
   1.25202     -5.312755
   1.26989     -5.289286
   1.28777     -5.262641
   1.30565     -5.232972
   1.32353     -5.200425
   1.34141     -5.165139
   1.35928     -5.127238
   1.37716     -5.086831
   1.39504     -5.044019
   1.41292     -4.998888
   1.43079     -4.951523
   1.44867     -4.901991
   1.46655     -4.850359
   1.48443     -4.796683
   1.50231     -4.741026
   1.52018     -4.683439
   1.53806     -4.623974
   1.55594     -4.562683
   1.57382     -4.499628
   1.59169     -4.434863
   1.60957     -4.368459
   1.62745     -4.300497
   1.64533     -4.231103
 
 
# Band-Index   10
   1.64533     -4.231054
   1.62745     -4.160346
   1.60957     -4.088508
   1.59169     -4.015914
   1.57382     -3.943228
   1.55594     -3.871941
   1.53806     -3.806250
   1.52018     -3.760223
   1.50231     -3.761913
   1.48443     -3.804234
   1.46655     -3.861019
   1.44867     -3.922540
   1.43079     -3.985947
   1.41292     -4.050240
   1.39504     -4.115030
   1.37716     -4.180152
   1.35928     -4.245542
   1.34141     -4.311174
   1.32353     -4.377039
   1.30565     -4.443119
   1.28777     -4.509368
   1.26989     -4.575716
   1.25202     -4.642054
   1.23414     -4.708223
   1.21626     -4.774025
   1.19838     -4.839226
   1.18051     -4.903561
   1.16263     -4.966744
   1.14475     -5.028493
   1.12687     -5.088540
   1.10899     -5.146640
   1.09112     -5.202586
   1.07324     -5.256174
   1.05536     -5.307165
   1.03748     -5.355155
   1.01961     -5.369002
   1.00173     -5.371145
   0.98385     -5.373617
   0.96597     -5.375517
   0.94809     -5.376224
   0.94809     -5.376224
   0.92378     -5.374491
   0.89947     -5.369297
   0.87516     -5.360645
   0.85085     -5.348546
   0.82654     -5.333013
   0.80223     -5.314063
   0.77792     -5.291719
   0.75361     -5.287954
   0.72930     -5.361999
   0.70499     -5.450307
   0.68068     -5.552883
   0.65637     -5.669023
   0.63206     -5.797613
   0.60775     -5.916178
   0.58344     -5.877361
   0.55913     -5.836707
   0.53482     -5.794430
   0.51051     -5.821781
   0.48620     -5.882481
   0.46189     -5.931881
   0.43758     -5.970131
   0.41327     -5.986636
   0.38896     -6.007873
   0.36465     -6.018704
   0.34034     -6.019742
   0.31603     -6.010459
   0.29172     -5.992977
   0.26741     -5.968778
   0.24310     -5.938704
   0.21879     -5.903600
   0.19448     -5.862072
   0.17017     -5.815925
   0.14586     -5.766348
   0.12155     -5.714251
   0.09724     -5.660577
   0.07293     -5.606326
   0.04862     -5.552554
   0.02431     -5.500365
   0.00000     -5.524493
 
 
# Band-Index   11
   0.00000     -5.450913
   0.02431     -5.496189
   0.04862     -5.475038
   0.07293     -5.461935
   0.09724     -5.457512
   0.12155     -5.462036
   0.14586     -5.475402
   0.17017     -5.497161
   0.19448     -5.526588
   0.21879     -5.562762
   0.24310     -5.604662
   0.26741     -5.651244
   0.29172     -5.701502
   0.31603     -5.754507
   0.34034     -5.809420
   0.36465     -5.865501
   0.38896     -5.922105
   0.41327     -5.978671
   0.43758     -5.954465
   0.46189     -5.910980
   0.48620     -5.855993
   0.51051     -5.789584
   0.53482     -5.749889
   0.55913     -5.667196
   0.58344     -5.574497
   0.60775     -5.472974
   0.63206     -5.364133
   0.65637     -5.249631
   0.68068     -5.168999
   0.70499     -5.204606
   0.72930     -5.236956
   0.75361     -5.266006
   0.77792     -5.227431
   0.80223     -5.179123
   0.82654     -5.141484
   0.85085     -5.112975
   0.87516     -5.092246
   0.89947     -5.078215
   0.92378     -5.070110
   0.94809     -5.067457
   0.94809     -5.067457
   0.96597     -5.067249
   0.98385     -5.066223
   1.00173     -5.063188
   1.01961     -5.056393
   1.03748     -5.043870
   1.05536     -5.023930
   1.07324     -4.995534
   1.09112     -4.958367
   1.10899     -4.912682
   1.12687     -4.858998
   1.14475     -4.797942
   1.16263     -4.730138
   1.18051     -4.656181
   1.19838     -4.576626
   1.21626     -4.491991
   1.23414     -4.402763
   1.25202     -4.309402
   1.26989     -4.212338
   1.28777     -4.111989
   1.30565     -4.008746
   1.32353     -3.902986
   1.34141     -3.832130
   1.35928     -3.804350
   1.37716     -3.775617
   1.39504     -3.745977
   1.41292     -3.715468
   1.43079     -3.684135
   1.44867     -3.652023
   1.46655     -3.619183
   1.48443     -3.585667
   1.50231     -3.553645
   1.52018     -3.567780
   1.53806     -3.533031
   1.55594     -3.477151
   1.57382     -3.414006
   1.59169     -3.373592
   1.60957     -3.337027
   1.62745     -3.300358
   1.64533     -3.264414
 
 
# Band-Index   12
   1.64533     -3.264092
   1.62745     -3.271404
   1.60957     -3.303920
   1.59169     -3.347661
   1.57382     -3.409930
   1.55594     -3.445959
   1.53806     -3.481613
   1.52018     -3.516824
   1.50231     -3.551527
   1.48443     -3.529817
   1.46655     -3.560702
   1.44867     -3.591049
   1.43079     -3.620805
   1.41292     -3.649911
   1.39504     -3.678320
   1.37716     -3.705979
   1.35928     -3.732849
   1.34141     -3.795079
   1.32353     -3.858918
   1.30565     -3.884682
   1.28777     -3.909386
   1.26989     -3.933003
   1.25202     -3.955502
   1.23414     -4.007051
   1.21626     -4.094270
   1.19838     -4.179214
   1.18051     -4.261818
   1.16263     -4.342009
   1.14475     -4.419673
   1.12687     -4.494613
   1.10899     -4.566520
   1.09112     -4.634924
   1.07324     -4.699170
   1.05536     -4.758382
   1.03748     -4.811511
   1.01961     -4.857351
   1.00173     -4.894649
   0.98385     -4.922245
   0.96597     -4.939203
   0.94809     -4.944925
   0.94809     -4.944925
   0.92378     -4.943298
   0.89947     -4.938417
   0.87516     -4.930292
   0.85085     -4.918934
   0.82654     -4.904365
   0.80223     -4.886606
   0.77792     -4.865691
   0.75361     -4.841654
   0.72930     -4.887038
   0.70499     -5.009701
   0.68068     -5.131026
   0.65637     -5.193540
   0.63206     -5.311036
   0.60775     -5.422748
   0.58344     -5.527613
   0.55913     -5.624483
   0.53482     -5.712159
   0.51051     -5.750785
   0.48620     -5.706070
   0.46189     -5.660628
   0.43758     -5.614848
   0.41327     -5.569189
   0.38896     -5.524181
   0.36465     -5.480406
   0.34034     -5.438551
   0.31603     -5.399372
   0.29172     -5.363701
   0.26741     -5.332423
   0.24310     -5.306452
   0.21879     -5.286688
   0.19448     -5.273951
   0.17017     -5.268906
   0.14586     -5.272008
   0.12155     -5.283439
   0.09724     -5.303063
   0.07293     -5.330436
   0.04862     -5.364842
   0.02431     -5.405352
   0.00000     -5.450908
 
 
# Band-Index   13
   0.00000     -3.400982
   0.02431     -3.457998
   0.04862     -3.518997
   0.07293     -3.582991
   0.09724     -3.649341
   0.12155     -3.717653
   0.14586     -3.787659
   0.17017     -3.859121
   0.19448     -3.931767
   0.21879     -4.005285
   0.24310     -4.079324
   0.26741     -4.153520
   0.29172     -4.227504
   0.31603     -4.300919
   0.34034     -4.373433
   0.36465     -4.444742
   0.38896     -4.514566
   0.41327     -4.582658
   0.43758     -4.648801
   0.46189     -4.712793
   0.48620     -4.774462
   0.51051     -4.833656
   0.53482     -4.890236
   0.55913     -4.944082
   0.58344     -4.995087
   0.60775     -5.043160
   0.63206     -5.088216
   0.65637     -5.130185
   0.68068     -5.071362
   0.70499     -4.945814
   0.72930     -4.818608
   0.75361     -4.764746
   0.77792     -4.645064
   0.80223     -4.530788
   0.82654     -4.425158
   0.85085     -4.331716
   0.87516     -4.254077
   0.89947     -4.195662
   0.92378     -4.159324
   0.94809     -4.146981
   0.94809     -4.146981
   0.96597     -4.146298
   0.98385     -4.144259
   1.00173     -4.140865
   1.01961     -4.136119
   1.03748     -4.130021
   1.05536     -4.122583
   1.07324     -4.113813
   1.09112     -4.103717
   1.10899     -4.092306
   1.12687     -4.079593
   1.14475     -4.065599
   1.16263     -4.050325
   1.18051     -4.033789
   1.19838     -4.016023
   1.21626     -3.997037
   1.23414     -3.976856
   1.25202     -3.917643
   1.26989     -3.853780
   1.28777     -3.831509
   1.30565     -3.808243
   1.32353     -3.784020
   1.34141     -3.758875
   1.35928     -3.685388
   1.37716     -3.574286
   1.39504     -3.462172
   1.41292     -3.349497
   1.43079     -3.288375
   1.44867     -3.356228
   1.46655     -3.428565
   1.48443     -3.498215
   1.50231     -3.498453
   1.52018     -3.466674
   1.53806     -3.434541
   1.55594     -3.402114
   1.57382     -3.369485
   1.59169     -3.336718
   1.60957     -3.279541
   1.62745     -3.225557
   1.64533     -3.236929
 
 
# Band-Index   14
   1.64533     -3.236687
   1.62745     -3.210293
   1.60957     -3.189044
   1.59169     -3.152350
   1.57382     -3.115795
   1.55594     -3.079484
   1.53806     -3.046175
   1.52018     -3.015813
   1.50231     -2.986081
   1.48443     -2.957047
   1.46655     -3.015430
   1.44867     -3.125000
   1.43079     -3.236830
   1.41292     -3.237637
   1.39504     -3.229975
   1.37716     -3.278109
   1.35928     -3.357543
   1.34141     -3.448408
   1.32353     -3.543001
   1.30565     -3.638305
   1.28777     -3.732941
   1.26989     -3.826191
   1.25202     -3.875026
   1.23414     -3.895214
   1.21626     -3.914316
   1.19838     -3.932307
   1.18051     -3.949158
   1.16263     -3.964852
   1.14475     -3.979363
   1.12687     -3.992674
   1.10899     -4.004770
   1.09112     -4.015637
   1.07324     -4.025255
   1.05536     -4.033612
   1.03748     -4.040702
   1.01961     -4.046516
   1.00173     -4.051038
   0.98385     -4.054278
   0.96597     -4.056225
   0.94809     -4.056872
   0.94809     -4.056872
   0.92378     -4.069505
   0.89947     -4.106673
   0.87516     -4.166456
   0.85085     -4.245973
   0.82654     -4.341812
   0.80223     -4.450377
   0.77792     -4.568151
   0.75361     -4.691868
   0.72930     -4.814541
   0.70499     -4.784403
   0.68068     -4.751300
   0.65637     -4.715302
   0.63206     -4.676484
   0.60775     -4.634940
   0.58344     -4.590768
   0.55913     -4.544087
   0.53482     -4.495026
   0.51051     -4.443731
   0.48620     -4.390372
   0.46189     -4.335135
   0.43758     -4.278230
   0.41327     -4.219890
   0.38896     -4.160382
   0.36465     -4.099993
   0.34034     -4.039045
   0.31603     -3.977890
   0.29172     -3.916909
   0.26741     -3.856509
   0.24310     -3.797125
   0.21879     -3.739217
   0.19448     -3.683269
   0.17017     -3.629796
   0.14586     -3.579356
   0.12155     -3.532579
   0.09724     -3.490165
   0.07293     -3.452908
   0.04862     -3.421643
   0.02431     -3.397176
   0.00000     -3.400970
 
 
# Band-Index   15
   0.00000     -3.380178
   0.02431     -3.371045
   0.04862     -3.369904
   0.07293     -3.376522
   0.09724     -3.390403
   0.12155     -3.410850
   0.14586     -3.437021
   0.17017     -3.468001
   0.19448     -3.502825
   0.21879     -3.540534
   0.24310     -3.580183
   0.26741     -3.620838
   0.29172     -3.661589
   0.31603     -3.701527
   0.34034     -3.739750
   0.36465     -3.775321
   0.38896     -3.807266
   0.41327     -3.834533
   0.43758     -3.855992
   0.46189     -3.870370
   0.48620     -3.876276
   0.51051     -3.872186
   0.53482     -3.856505
   0.55913     -3.827636
   0.58344     -3.784199
   0.60775     -3.725227
   0.63206     -3.650431
   0.65637     -3.560380
   0.68068     -3.456560
   0.70499     -3.341337
   0.72930     -3.217726
   0.75361     -3.103173
   0.77792     -3.005157
   0.80223     -2.905524
   0.82654     -2.808879
   0.85085     -2.720149
   0.87516     -2.679924
   0.89947     -2.684577
   0.92378     -2.687398
   0.94809     -2.688342
   0.94809     -2.688342
   0.96597     -2.682337
   0.98385     -2.664494
   1.00173     -2.635252
   1.01961     -2.595314
   1.03748     -2.547129
   1.05536     -2.551692
   1.07324     -2.557128
   1.09112     -2.563450
   1.10899     -2.570679
   1.12687     -2.578835
   1.14475     -2.587942
   1.16263     -2.598023
   1.18051     -2.609093
   1.19838     -2.621182
   1.21626     -2.634306
   1.23414     -2.648477
   1.25202     -2.663712
   1.26989     -2.680023
   1.28777     -2.697415
   1.30565     -2.715892
   1.32353     -2.735450
   1.34141     -2.756083
   1.35928     -2.824723
   1.37716     -2.889881
   1.39504     -2.921218
   1.41292     -2.894256
   1.43079     -2.874699
   1.44867     -2.901302
   1.46655     -2.928766
   1.48443     -2.938404
   1.50231     -2.972897
   1.52018     -3.007957
   1.53806     -3.043511
   1.55594     -3.077096
   1.57382     -3.108525
   1.59169     -3.140360
   1.60957     -3.172528
   1.62745     -3.204900
   1.64533     -3.140337
 
 
# Band-Index   16
   1.64533     -3.140292
   1.62745     -3.069967
   1.60957     -2.999720
   1.59169     -2.930379
   1.57382     -2.863579
   1.55594     -2.803306
   1.53806     -2.760667
   1.52018     -2.761407
   1.50231     -2.819733
   1.48443     -2.911115
   1.46655     -2.904552
   1.44867     -2.871420
   1.43079     -2.839068
   1.41292     -2.849005
   1.39504     -2.824263
   1.37716     -2.800511
   1.35928     -2.777776
   1.34141     -2.745555
   1.32353     -2.664741
   1.30565     -2.639447
   1.28777     -2.615338
   1.26989     -2.592434
   1.25202     -2.570764
   1.23414     -2.550340
   1.21626     -2.531176
   1.19838     -2.513279
   1.18051     -2.496652
   1.16263     -2.481297
   1.14475     -2.467213
   1.12687     -2.454394
   1.10899     -2.442835
   1.09112     -2.432524
   1.07324     -2.423457
   1.05536     -2.487034
   1.03748     -2.545572
   1.01961     -2.543418
   1.00173     -2.540545
   0.98385     -2.538499
   0.96597     -2.537275
   0.94809     -2.536867
   0.94809     -2.536867
   0.92378     -2.549414
   0.89947     -2.586116
   0.87516     -2.644333
   0.85085     -2.673505
   0.82654     -2.714802
   0.80223     -2.833471
   0.77792     -2.959759
   0.75361     -3.089241
   0.72930     -3.195516
   0.70499     -3.278892
   0.68068     -3.350951
   0.65637     -3.410328
   0.63206     -3.456615
   0.60775     -3.490196
   0.58344     -3.511995
   0.55913     -3.523230
   0.53482     -3.525249
   0.51051     -3.519382
   0.48620     -3.506899
   0.46189     -3.488961
   0.43758     -3.466660
   0.41327     -3.440999
   0.38896     -3.412948
   0.36465     -3.383432
   0.34034     -3.353365
   0.31603     -3.323680
   0.29172     -3.295329
   0.26741     -3.269302
   0.24310     -3.246623
   0.21879     -3.228341
   0.19448     -3.215545
   0.17017     -3.209293
   0.14586     -3.210601
   0.12155     -3.220344
   0.09724     -3.239135
   0.07293     -3.267192
   0.04862     -3.304188
   0.02431     -3.349219
   0.00000     -3.380166
 
 
# Band-Index   17
   0.00000     -2.830518
   0.02431     -2.870391
   0.04862     -2.901274
   0.07293     -2.922858
   0.09724     -2.934819
   0.12155     -2.936988
   0.14586     -2.929536
   0.17017     -2.913067
   0.19448     -2.888620
   0.21879     -2.857609
   0.24310     -2.821689
   0.26741     -2.782657
   0.29172     -2.742335
   0.31603     -2.702468
   0.34034     -2.664636
   0.36465     -2.630182
   0.38896     -2.600148
   0.41327     -2.575256
   0.43758     -2.555890
   0.46189     -2.542105
   0.48620     -2.533694
   0.51051     -2.530234
   0.53482     -2.531168
   0.55913     -2.535844
   0.58344     -2.543583
   0.60775     -2.553707
   0.63206     -2.565586
   0.65637     -2.578626
   0.68068     -2.592300
   0.70499     -2.606142
   0.72930     -2.619742
   0.75361     -2.632748
   0.77792     -2.644859
   0.80223     -2.655821
   0.82654     -2.665427
   0.85085     -2.608395
   0.87516     -2.518977
   0.89947     -2.451070
   0.92378     -2.408538
   0.94809     -2.394044
   0.94809     -2.394044
   0.96597     -2.394640
   0.98385     -2.396431
   1.00173     -2.399420
   1.01961     -2.403611
   1.03748     -2.409008
   1.05536     -2.415622
   1.07324     -2.420771
   1.09112     -2.347852
   1.10899     -2.269338
   1.12687     -2.186247
   1.14475     -2.099551
   1.16263     -2.010190
   1.18051     -1.937227
   1.19838     -2.022650
   1.21626     -2.112316
   1.23414     -2.203864
   1.25202     -2.296178
   1.26989     -2.388559
   1.28777     -2.480437
   1.30565     -2.571209
   1.32353     -2.660049
   1.34141     -2.691179
   1.35928     -2.718722
   1.37716     -2.747333
   1.39504     -2.776963
   1.41292     -2.807560
   1.43079     -2.821663
   1.44867     -2.729127
   1.46655     -2.628421
   1.48443     -2.524014
   1.50231     -2.444772
   1.52018     -2.465278
   1.53806     -2.428126
   1.55594     -2.347771
   1.57382     -2.250201
   1.59169     -2.146807
   1.60957     -2.041920
   1.62745     -1.937682
   1.64533     -1.836111
 
 
# Band-Index   18
   1.64533     -1.835896
   1.62745     -1.747683
   1.60957     -1.794183
   1.59169     -1.892079
   1.57382     -1.994403
   1.55594     -2.098855
   1.53806     -2.204656
   1.52018     -2.311209
   1.50231     -2.417909
   1.48443     -2.390931
   1.46655     -2.323676
   1.44867     -2.250486
   1.43079     -2.174163
   1.41292     -2.095941
   1.39504     -2.016457
   1.37716     -1.936093
   1.35928     -1.855115
   1.34141     -1.773746
   1.32353     -1.692234
   1.30565     -1.611019
   1.28777     -1.531828
   1.26989     -1.486136
   1.25202     -1.556689
   1.23414     -1.644419
   1.21626     -1.735171
   1.19838     -1.827080
   1.18051     -1.919065
   1.16263     -1.862823
   1.14475     -1.820651
   1.12687     -1.831367
   1.10899     -1.869030
   1.09112     -1.912124
   1.07324     -1.953941
   1.05536     -1.992111
   1.03748     -2.025508
   1.01961     -2.053482
   1.00173     -2.075609
   0.98385     -2.091598
   0.96597     -2.101263
   0.94809     -2.104498
   0.94809     -2.104498
   0.92378     -2.103499
   0.89947     -2.100521
   0.87516     -2.095611
   0.85085     -2.088850
   0.82654     -2.080362
   0.80223     -2.070303
   0.77792     -2.058883
   0.75361     -2.046356
   0.72930     -2.033042
   0.70499     -2.019331
   0.68068     -2.005686
   0.65637     -1.992667
   0.63206     -1.980923
   0.60775     -1.971215
   0.58344     -1.964404
   0.55913     -1.961437
   0.53482     -1.963309
   0.51051     -1.971002
   0.48620     -1.985400
   0.46189     -2.007158
   0.43758     -2.036584
   0.41327     -2.073546
   0.38896     -2.117410
   0.36465     -2.167053
   0.34034     -2.220953
   0.31603     -2.277297
   0.29172     -2.334107
   0.26741     -2.389362
   0.24310     -2.441110
   0.21879     -2.487551
   0.19448     -2.527109
   0.17017     -2.558496
   0.14586     -2.580752
   0.12155     -2.593251
   0.09724     -2.595668
   0.07293     -2.657962
   0.04862     -2.724249
   0.02431     -2.781788
   0.00000     -2.830510
 
 
# Band-Index   19
   0.00000     -2.506164
   0.02431     -2.542766
   0.04862     -2.570195
   0.07293     -2.587935
   0.09724     -2.583242
   0.12155     -2.500722
   0.14586     -2.411333
   0.17017     -2.316139
   0.19448     -2.216250
   0.21879     -2.112735
   0.24310     -2.006588
   0.26741     -1.898719
   0.29172     -1.789979
   0.31603     -1.681150
   0.34034     -1.572969
   0.36465     -1.489664
   0.38896     -1.430019
   0.41327     -1.374595
   0.43758     -1.323593
   0.46189     -1.277116
   0.48620     -1.235205
   0.51051     -1.197822
   0.53482     -1.164876
   0.55913     -1.136230
   0.58344     -1.111712
   0.60775     -1.091132
   0.63206     -1.074284
   0.65637     -1.060964
   0.68068     -1.050979
   0.70499     -1.044142
   0.72930     -1.040274
   0.75361     -1.039175
   0.77792     -1.040614
   0.80223     -1.044279
   0.82654     -1.049721
   0.85085     -1.056294
   0.87516     -1.063125
   0.89947     -1.069165
   0.92378     -1.073345
   0.94809     -1.074841
   0.94809     -1.074841
   0.96597     -1.082221
   0.98385     -1.103965
   1.00173     -1.138958
   1.01961     -1.185607
   1.03748     -1.242072
   1.05536     -1.306464
   1.07324     -1.376873
   1.09112     -1.451165
   1.10899     -1.526258
   1.12687     -1.594980
   1.14475     -1.635582
   1.16263     -1.622091
   1.18051     -1.575305
   1.19838     -1.516731
   1.21626     -1.453590
   1.23414     -1.388802
   1.25202     -1.356626
   1.26989     -1.421999
   1.28777     -1.374791
   1.30565     -1.298657
   1.32353     -1.226041
   1.34141     -1.159704
   1.35928     -1.101138
   1.37716     -1.051620
   1.39504     -1.012309
   1.41292     -0.984203
   1.43079     -0.990473
   1.44867     -1.012947
   1.46655     -1.047007
   1.48443     -1.091959
   1.50231     -1.146889
   1.52018     -1.210786
   1.53806     -1.282600
   1.55594     -1.361295
   1.57382     -1.445836
   1.59169     -1.535037
   1.60957     -1.626295
   1.62745     -1.672406
   1.64533     -1.589873
 
 
# Band-Index   20
   1.64533     -1.589679
   1.62745     -1.499746
   1.60957     -1.412937
   1.59169     -1.330864
   1.57382     -1.254540
   1.55594     -1.184916
   1.53806     -1.123021
   1.52018     -1.069883
   1.50231     -1.026542
   1.48443     -0.993986
   1.46655     -0.973041
   1.44867     -0.964309
   1.43079     -0.968057
   1.41292     -0.979993
   1.39504     -0.981539
   1.37716     -0.994752
   1.35928     -1.018890
   1.34141     -1.052910
   1.32353     -1.095540
   1.30565     -1.145399
   1.28777     -1.201061
   1.26989     -1.261110
   1.25202     -1.324155
   1.23414     -1.276880
   1.21626     -1.196103
   1.19838     -1.115398
   1.18051     -1.035112
   1.16263     -0.955451
   1.14475     -0.876599
   1.12687     -0.798731
   1.10899     -0.722059
   1.09112     -0.646832
   1.07324     -0.573383
   1.05536     -0.502187
   1.03748     -0.433962
   1.01961     -0.369876
   1.00173     -0.311903
   0.98385     -0.263423
   0.96597     -0.229815
   0.94809     -0.217531
   0.94809     -0.217531
   0.92378     -0.218337
   0.89947     -0.221012
   0.87516     -0.226214
   0.85085     -0.234730
   0.82654     -0.247265
   0.80223     -0.264333
   0.77792     -0.286291
   0.75361     -0.313374
   0.72930     -0.345747
   0.70499     -0.383537
   0.68068     -0.426846
   0.65637     -0.475751
   0.63206     -0.530295
   0.60775     -0.590494
   0.58344     -0.656310
   0.55913     -0.727658
   0.53482     -0.804385
   0.51051     -0.886279
   0.48620     -0.973059
   0.46189     -1.064381
   0.43758     -1.159837
   0.41327     -1.258962
   0.38896     -1.361243
   0.36465     -1.466114
   0.34034     -1.553248
   0.31603     -1.620404
   0.29172     -1.690674
   0.26741     -1.763524
   0.24310     -1.838326
   0.21879     -1.914387
   0.19448     -1.990936
   0.17017     -2.067130
   0.14586     -2.142044
   0.12155     -2.214690
   0.09724     -2.284020
   0.07293     -2.348933
   0.04862     -2.408305
   0.02431     -2.461048
   0.00000     -2.506150
 
 
# Band-Index   21
   0.00000      0.584450
   0.02431      0.572989
   0.04862      0.573031
   0.07293      0.585846
   0.09724      0.612161
   0.12155      0.652314
   0.14586      0.631970
   0.17017      0.581930
   0.19448      0.528493
   0.21879      0.470460
   0.24310      0.410080
   0.26741      0.357543
   0.29172      0.314274
   0.31603      0.281571
   0.34034      0.260648
   0.36465      0.252601
   0.38896      0.258296
   0.41327      0.278240
   0.43758      0.312384
   0.46189      0.359986
   0.48620      0.419386
   0.51051      0.487746
   0.53482      0.560619
   0.55913      0.575806
   0.58344      0.547453
   0.60775      0.513498
   0.63206      0.477559
   0.65637      0.441668
   0.68068      0.407008
   0.70499      0.374289
   0.72930      0.343973
   0.75361      0.316365
   0.77792      0.291677
   0.80223      0.270061
   0.82654      0.251624
   0.85085      0.236449
   0.87516      0.224591
   0.89947      0.216094
   0.92378      0.210986
   0.94809      0.209281
   0.94809      0.209281
   0.96597      0.220693
   0.98385      0.251674
   1.00173      0.295744
   1.01961      0.347469
   1.03748      0.403349
   1.05536      0.461195
   1.07324      0.519451
   1.09112      0.576725
   1.10899      0.631442
   1.12687      0.681765
   1.14475      0.726004
   1.16263      0.763586
   1.18051      0.795524
   1.19838      0.823624
   1.21626      0.849532
   1.23414      0.874393
   1.25202      0.898921
   1.26989      0.923542
   1.28777      0.948495
   1.30565      0.973894
   1.32353      0.999784
   1.34141      1.026127
   1.35928      1.052825
   1.37716      1.080121
   1.39504      1.106648
   1.41292      1.131110
   1.43079      1.146333
   1.44867      1.149498
   1.46655      1.153685
   1.48443      1.163006
   1.50231      1.177534
   1.52018      1.196508
   1.53806      1.218857
   1.55594      1.243441
   1.57382      1.269101
   1.59169      1.294728
   1.60957      1.319206
   1.62745      1.341231
   1.64533      1.358645
 
 
# Band-Index   22
   1.64533      1.358830
   1.62745      1.367989
   1.60957      1.367151
   1.59169      1.358867
   1.57382      1.345649
   1.55594      1.328747
   1.53806      1.309567
   1.52018      1.289285
   1.50231      1.269365
   1.48443      1.248608
   1.46655      1.223239
   1.44867      1.198407
   1.43079      1.178832
   1.41292      1.178370
   1.39504      1.193540
   1.37716      1.216834
   1.35928      1.245873
   1.34141      1.272716
   1.32353      1.254987
   1.30565      1.232492
   1.28777      1.208708
   1.26989      1.184406
   1.25202      1.159882
   1.23414      1.135303
   1.21626      1.110725
   1.19838      1.079464
   1.18051      1.020743
   1.16263      0.967625
   1.14475      0.922026
   1.12687      0.885046
   1.10899      0.856189
   1.09112      0.833898
   1.07324      0.816525
   1.05536      0.796455
   1.03748      0.743557
   1.01961      0.694872
   1.00173      0.653475
   0.98385      0.621879
   0.96597      0.602052
   0.94809      0.595291
   0.94809      0.595291
   0.92378      0.596797
   0.89947      0.601305
   0.87516      0.608755
   0.85085      0.619055
   0.82654      0.632051
   0.80223      0.647517
   0.77792      0.665107
   0.75361      0.684300
   0.72930      0.704285
   0.70499      0.723761
   0.68068      0.740603
   0.65637      0.751330
   0.63206      0.750620
   0.60775      0.731955
   0.58344      0.691276
   0.55913      0.631390
   0.53482      0.592450
   0.51051      0.589611
   0.48620      0.564090
   0.46189      0.522748
   0.43758      0.476575
   0.41327      0.433825
   0.38896      0.399273
   0.36465      0.375456
   0.34034      0.363573
   0.31603      0.363989
   0.29172      0.376499
   0.26741      0.400467
   0.24310      0.434878
   0.21879      0.478279
   0.19448      0.536900
   0.17017      0.606523
   0.14586      0.672769
   0.12155      0.667053
   0.09724      0.675431
   0.07293      0.659420
   0.04862      0.632450
   0.02431      0.605419
   0.00000      0.584471
 
 
# Band-Index   23
   0.00000      0.671558
   0.02431      0.671083
   0.04862      0.682468
   0.07293      0.702547
   0.09724      0.722294
   0.12155      0.718171
   0.14586      0.706317
   0.17017      0.773902
   0.19448      0.854599
   0.21879      0.947789
   0.24310      1.052735
   0.26741      1.168649
   0.29172      1.286283
   0.31603      1.270452
   0.34034      1.238614
   0.36465      1.196553
   0.38896      1.149468
   0.41327      1.101838
   0.43758      1.058137
   0.46189      1.024072
   0.48620      1.008108
   0.51051      1.020912
   0.53482      1.068656
   0.55913      1.147220
   0.58344      1.247721
   0.60775      1.334575
   0.63206      1.405467
   0.65637      1.502456
   0.68068      1.617285
   0.70499      1.742815
   0.72930      1.873645
   0.75361      1.781675
   0.77792      1.565703
   0.80223      1.369325
   0.82654      1.195554
   0.85085      1.047524
   0.87516      0.928414
   0.89947      0.841051
   0.92378      0.787687
   0.94809      0.769743
   0.94809      0.769743
   0.96597      0.770595
   0.98385      0.773164
   1.00173      0.777517
   1.01961      0.783766
   1.03748      0.792114
   1.05536      0.802866
   1.07324      0.849819
   1.09112      0.899488
   1.10899      0.942315
   1.12687      0.977969
   1.14475      1.008334
   1.16263      1.035574
   1.18051      1.061200
   1.19838      1.086093
   1.21626      1.141973
   1.23414      1.206746
   1.25202      1.272062
   1.26989      1.333463
   1.28777      1.367964
   1.30565      1.349562
   1.32353      1.314900
   1.34141      1.279162
   1.35928      1.268984
   1.37716      1.249670
   1.39504      1.233624
   1.41292      1.224168
   1.43079      1.221775
   1.44867      1.226088
   1.46655      1.236309
   1.48443      1.251195
   1.50231      1.273343
   1.52018      1.296904
   1.53806      1.318721
   1.55594      1.338342
   1.57382      1.355346
   1.59169      1.369559
   1.60957      1.380915
   1.62745      1.388837
   1.64533      1.394998
 
 
# Band-Index   24
   1.64533      1.395281
   1.62745      1.402693
   1.60957      1.412949
   1.59169      1.422968
   1.57382      1.431057
   1.55594      1.436130
   1.53806      1.437994
   1.52018      1.436607
   1.50231      1.432087
   1.48443      1.424588
   1.46655      1.414328
   1.44867      1.401491
   1.43079      1.386521
   1.41292      1.369552
   1.39504      1.351176
   1.37716      1.332172
   1.35928      1.315830
   1.34141      1.320555
   1.32353      1.351630
   1.30565      1.391472
   1.28777      1.435694
   1.26989      1.468850
   1.25202      1.503688
   1.23414      1.543503
   1.21626      1.583800
   1.19838      1.532382
   1.18051      1.451475
   1.16263      1.370615
   1.14475      1.293134
   1.12687      1.221578
   1.10899      1.158951
   1.09112      1.108027
   1.07324      1.069483
   1.05536      1.041391
   1.03748      1.020975
   1.01961      1.006088
   1.00173      0.995409
   0.98385      0.988168
   0.96597      0.983960
   0.94809      0.982578
   0.94809      0.982578
   0.92378      0.999871
   0.89947      1.051310
   0.87516      1.135544
   0.85085      1.250521
   0.82654      1.393674
   0.80223      1.562141
   0.77792      1.753024
   0.75361      1.963464
   0.72930      2.014475
   0.70499      1.889005
   0.68068      1.753228
   0.65637      1.618652
   0.63206      1.487628
   0.60775      1.362838
   0.58344      1.295545
   0.55913      1.287255
   0.53482      1.303010
   0.51051      1.335596
   0.48620      1.379738
   0.46189      1.432024
   0.43758      1.490120
   0.41327      1.551994
   0.38896      1.614768
   0.36465      1.671159
   0.34034      1.573961
   0.31603      1.430080
   0.29172      1.294705
   0.26741      1.281345
   0.24310      1.254631
   0.21879      1.198798
   0.19448      1.104282
   0.17017      1.022794
   0.14586      0.953256
   0.12155      0.874127
   0.09724      0.807207
   0.07293      0.753124
   0.04862      0.712352
   0.02431      0.685172
   0.00000      0.671577
 
 
# Band-Index   25
   0.00000      1.349697
   0.02431      1.242114
   0.04862      1.140087
   0.07293      1.046872
   0.09724      0.971431
   0.12155      0.937130
   0.14586      0.961166
   0.17017      1.043872
   0.19448      1.145193
   0.21879      1.210209
   0.24310      1.303034
   0.26741      1.414315
   0.29172      1.528689
   0.31603      1.634817
   0.34034      1.693460
   0.36465      1.725535
   0.38896      1.884012
   0.41327      2.049161
   0.43758      2.218335
   0.46189      2.392334
   0.48620      2.569356
   0.51051      2.747776
   0.53482      2.925144
   0.55913      3.098359
   0.58344      3.261520
   0.60775      3.326460
   0.63206      3.064167
   0.65637      2.789227
   0.68068      2.520649
   0.70499      2.261638
   0.72930      2.023734
   0.75361      2.005555
   0.77792      2.134936
   0.80223      2.258310
   0.82654      2.316935
   0.85085      2.177859
   0.87516      2.063855
   0.89947      1.978924
   0.92378      1.926450
   0.94809      1.908698
   0.94809      1.908698
   0.96597      1.907227
   0.98385      1.902794
   1.00173      1.895400
   1.01961      1.885040
   1.03748      1.871706
   1.05536      1.855395
   1.07324      1.836109
   1.09112      1.813877
   1.10899      1.788724
   1.12687      1.760726
   1.14475      1.729983
   1.16263      1.696651
   1.18051      1.660951
   1.19838      1.623186
   1.21626      1.594118
   1.23414      1.575264
   1.25202      1.530085
   1.26989      1.482456
   1.28777      1.462256
   1.30565      1.510395
   1.32353      1.577241
   1.34141      1.648333
   1.35928      1.720956
   1.37716      1.808282
   1.39504      1.881378
   1.41292      1.953858
   1.43079      2.014929
   1.44867      2.271406
   1.46655      2.156413
   1.48443      2.225727
   1.50231      2.293736
   1.52018      2.447844
   1.53806      2.509769
   1.55594      2.555391
   1.57382      2.538302
   1.59169      2.593414
   1.60957      2.676285
   1.62745      2.719495
   1.64533      2.768333
 
 
# Band-Index   26
   1.64533      2.768534
   1.62745      2.794019
   1.60957      2.850042
   1.59169      2.641156
   1.57382      2.609731
   1.55594      2.622679
   1.53806      2.627448
   1.52018      2.605635
   1.50231      2.513948
   1.48443      2.497248
   1.46655      2.483570
   1.44867      2.588450
   1.43079      2.465436
   1.41292      2.462516
   1.39504      2.459720
   1.37716      2.438556
   1.35928      2.348979
   1.34141      2.259083
   1.32353      2.169037
   1.30565      2.079002
   1.28777      1.989169
   1.26989      1.899865
   1.25202      1.811767
   1.23414      1.727424
   1.21626      1.670162
   1.19838      1.693934
   1.18051      1.737276
   1.16263      1.781334
   1.14475      1.823692
   1.12687      1.863519
   1.10899      1.900349
   1.09112      1.933848
   1.07324      1.963782
   1.05536      1.989980
   1.03748      2.012318
   1.01961      2.030689
   1.00173      2.045035
   0.98385      2.055312
   0.96597      2.061485
   0.94809      2.063523
   0.94809      2.063529
   0.92378      2.081104
   0.89947      2.132967
   0.87516      2.216579
   0.85085      2.328097
   0.82654      2.372230
   0.80223      2.398360
   0.77792      2.280882
   0.75361      2.155157
   0.72930      2.190732
   0.70499      2.432267
   0.68068      2.685178
   0.65637      2.946699
   0.63206      3.211727
   0.60775      3.411729
   0.58344      3.426797
   0.55913      3.264407
   0.53482      3.097181
   0.51051      2.932175
   0.48620      2.768672
   0.46189      2.607677
   0.43758      2.450187
   0.41327      2.297610
   0.38896      2.152674
   0.36465      2.038229
   0.34034      1.933573
   0.31603      1.784474
   0.29172      1.641594
   0.26741      1.505435
   0.24310      1.376781
   0.21879      1.256435
   0.19448      1.155699
   0.17017      1.100313
   0.14586      1.055152
   0.12155      1.034966
   0.09724      1.053810
   0.07293      1.111038
   0.04862      1.194502
   0.02431      1.294343
   0.00000      1.349911
 
 
# Band-Index   27
   0.00000      1.405234
   0.02431      1.461335
   0.04862      1.582859
   0.07293      2.723041
   0.09724      1.813083
   0.12155      1.934349
   0.14586      2.057467
   0.17017      2.321629
   0.19448      2.282772
   0.21879      2.231713
   0.24310      2.162181
   0.26741      2.087677
   0.29172      1.997948
   0.31603      1.938125
   0.34034      1.935341
   0.36465      2.087192
   0.38896      2.245218
   0.41327      2.406448
   0.43758      2.569615
   0.46189      2.733172
   0.48620      2.895027
   0.51051      3.052798
   0.53482      3.200669
   0.55913      3.344049
   0.58344      3.442233
   0.60775      3.456293
   0.63206      3.468637
   0.65637      3.453332
   0.68068      3.358818
   0.70499      3.271020
   0.72930      3.020627
   0.75361      2.834101
   0.77792      2.650253
   0.80223      2.475924
   0.82654      2.463077
   0.85085      2.473008
   0.87516      2.556941
   0.89947      2.620267
   0.92378      2.659742
   0.94809      2.673202
   0.94809      2.673209
   0.96597      2.672490
   0.98385      2.669999
   1.00173      2.665899
   1.01961      2.660284
   1.03748      2.653286
   1.05536      2.645060
   1.07324      2.635796
   1.09112      2.625698
   1.10899      2.614979
   1.12687      2.603848
   1.14475      2.592599
   1.16263      2.581456
   1.18051      2.570660
   1.19838      2.560461
   1.21626      2.551048
   1.23414      2.542717
   1.25202      2.529026
   1.26989      2.513238
   1.28777      2.499055
   1.30565      2.486677
   1.32353      2.476313
   1.34141      2.468141
   1.35928      2.462328
   1.37716      2.459815
   1.39504      2.527681
   1.41292      2.579518
   1.43079      2.619650
   1.44867      2.755991
   1.46655      2.633006
   1.48443      2.679730
   1.50231      2.710178
   1.52018      2.764909
   1.53806      2.804030
   1.55594      2.826646
   1.57382      2.997169
   1.59169      2.931916
   1.60957      2.905786
   1.62745      2.913617
   1.64533      2.964395
 
 
# Band-Index   28
   1.64533      2.964646
   1.62745      3.007618
   1.60957      2.980369
   1.59169      3.113838
   1.57382      3.169863
   1.55594      3.054920
   1.53806      3.089600
   1.52018      3.132391
   1.50231      3.169171
   1.48443      3.055704
   1.46655      2.930441
   1.44867      2.798542
   1.43079      2.783320
   1.41292      2.617530
   1.39504      2.578242
   1.37716      2.539542
   1.35928      2.542652
   1.34141      2.527168
   1.32353      2.523878
   1.30565      2.523681
   1.28777      2.525822
   1.26989      2.529814
   1.25202      2.535652
   1.23414      2.546175
   1.21626      2.564438
   1.19838      2.583552
   1.18051      2.603231
   1.16263      2.623182
   1.14475      2.643105
   1.12687      2.662687
   1.10899      2.681615
   1.09112      2.699580
   1.07324      2.716275
   1.05536      2.731422
   1.03748      2.744745
   1.01961      2.756005
   1.00173      2.764995
   0.98385      2.771542
   0.96597      2.775520
   0.94809      2.776848
   0.94809      2.776842
   0.92378      2.765018
   0.89947      2.730067
   0.87516      2.673491
   0.85085      2.597537
   0.82654      2.504934
   0.80223      2.615597
   0.77792      2.780531
   0.75361      2.950535
   0.72930      3.124098
   0.70499      3.314299
   0.68068      3.425845
   0.65637      3.497609
   0.63206      3.536268
   0.60775      3.538312
   0.58344      3.795759
   0.55913      3.654993
   0.53482      3.494835
   0.51051      3.340676
   0.48620      3.188535
   0.46189      3.039244
   0.43758      2.893895
   0.41327      3.265118
   0.38896      2.626914
   0.36465      2.500678
   0.34034      2.391903
   0.31603      2.303083
   0.29172      2.239401
   0.26741      2.206657
   0.24310      2.204368
   0.21879      2.251867
   0.19448      2.343685
   0.17017      2.350725
   0.14586      2.206630
   0.12155      2.059516
   0.09724      1.918792
   0.07293      2.843162
   0.04862      1.679965
   0.02431      1.524453
   0.00000      1.405296
