1.645330 -1.589679
1.627450 -1.499746
1.609570 -1.412937
1.591690 -1.330864
1.573820 -1.254540
1.555940 -1.184916
1.538060 -1.123021
1.520180 -1.069883
1.502310 -1.026542
1.484430 -0.993986
1.466550 -0.973041
1.448670 -0.964309
1.430790 -0.968057
1.412920 -0.979993
1.395040 -0.981539
1.377160 -0.994752
1.359280 -1.018890
1.341410 -1.052910
1.323530 -1.095540
1.305650 -1.145399
1.287770 -1.201061
1.269890 -1.261110
1.252020 -1.324155
1.234140 -1.276880
1.216260 -1.196103
1.198380 -1.115398
1.180510 -1.035112
1.162630 -0.955451
1.144750 -0.876599
1.126870 -0.798731
1.108990 -0.722059
1.091120 -0.646832
1.073240 -0.573383
1.055360 -0.502187
1.037480 -0.433962
1.019610 -0.369876
1.001730 -0.311903
0.983850 -0.263423
0.965970 -0.229815
0.948090 -0.217531
0.948090 -0.217531
0.923780 -0.218337
0.899470 -0.221012
0.875160 -0.226214
0.850850 -0.234730
0.826540 -0.247265
0.802230 -0.264333
0.777920 -0.286291
0.753610 -0.313374
0.729300 -0.345747
0.704990 -0.383537
0.680680 -0.426846
0.656370 -0.475751
0.632060 -0.530295
0.607750 -0.590494
0.583440 -0.656310
0.559130 -0.727658
0.534820 -0.804385
0.510510 -0.886279
0.486200 -0.973059
0.461890 -1.064381
0.437580 -1.159837
0.413270 -1.258962
0.388960 -1.361243
0.364650 -1.466114
0.340340 -1.553248
0.316030 -1.620404
0.291720 -1.690674
0.267410 -1.763524
0.243100 -1.838326
0.218790 -1.914387
0.194480 -1.990936
0.170170 -2.067130
0.145860 -2.142044
0.121550 -2.214690
0.097240 -2.284020
0.072930 -2.348933
0.048620 -2.408305
0.024310 -2.461048
0.000000 -2.506150
0.000000 0.584450
0.024310 0.572989
0.048620 0.573031
0.072930 0.585846
0.097240 0.612161
0.121550 0.652314
0.145860 0.631970
0.170170 0.581930
0.194480 0.528493
0.218790 0.470460
0.243100 0.410080
0.267410 0.357543
0.291720 0.314274
0.316030 0.281571
0.340340 0.260648
0.364650 0.252601
0.388960 0.258296
0.413270 0.278240
0.437580 0.312384
0.461890 0.359986
0.486200 0.419386
0.510510 0.487746
0.534820 0.560619
0.559130 0.575806
0.583440 0.547453
0.607750 0.513498
0.632060 0.477559
0.656370 0.441668
0.680680 0.407008
0.704990 0.374289
0.729300 0.343973
0.753610 0.316365
0.777920 0.291677
0.802230 0.270061
0.826540 0.251624
0.850850 0.236449
0.875160 0.224591
0.899470 0.216094
0.923780 0.210986
0.948090 0.209281
0.948090 0.209281
0.965970 0.220693
0.983850 0.251674
1.001730 0.295744
1.019610 0.347469
1.037480 0.403349
1.055360 0.461195
1.073240 0.519451
1.091120 0.576725
1.108990 0.631442
1.126870 0.681765
1.144750 0.726004
1.162630 0.763586
1.180510 0.795524
1.198380 0.823624
1.216260 0.849532
1.234140 0.874393
1.252020 0.898921
1.269890 0.923542
1.287770 0.948495
1.305650 0.973894
1.323530 0.999784
1.341410 1.026127
1.359280 1.052825
1.377160 1.080121
1.395040 1.106648
1.412920 1.131110
1.430790 1.146333
1.448670 1.149498
1.466550 1.153685
1.484430 1.163006
1.502310 1.177534
1.520180 1.196508
1.538060 1.218857
1.555940 1.243441
1.573820 1.269101
1.591690 1.294728
1.609570 1.319206
1.627450 1.341231
1.645330 1.358645
